0.900
0.303
0.281
0.278
0.281
0.268
0.274
0.303
0.286
0.301
0.263
0.284
0.259
0.268
0.280
0.270
0.279
0.277
0.269
0.265
0.274
0.262
0.280
0.268
0.275
0.287
0.291
0.284
0.268
0.260
0.269
0.273
0.265
0.262
0.260
0.262
0.290
0.267
0.284
0.276
0.281
0.274
0.257
0.259
0.265
0.261
0.274
0.269
0.265
0.267
0.284
0.269
0.273
0.289
0.269
0.285
0.292
0.262
0.281
0.283
0.279
0.259
0.267
0.282
0.284
0.264
0.275
0.311
0.292
0.284
0.261
0.273
0.270
0.285
0.281
0.279
0.277
0.275
0.312
0.298
0.298
0.280
0.294
0.274
0.273
0.278
0.298
0.281
0.283
0.273
0.295
0.276
0.300
0.279
0.301
0.280
0.308
0.310
0.307
0.277
0.282
0.289
0.271
0.314
0.305
0.299
0.315
0.680
0.610
0.519
0.459
0.489
0.506
0.435
0.559
0.447
0.327
0.264
0.271
0.261
0.261
0.269
0.266
0.265
0.272
0.251
0.263
0.276
0.268
0.264
0.282
0.266
0.289
0.270
0.269
0.282
0.281
0.264
0.264
0.258
0.286
0.282
0.266
0.261
0.279
0.271
0.259
0.291
0.271
0.257
0.255
0.277
0.275
0.273
0.262
0.251
0.260
0.262
0.277
0.278
0.274
0.268
0.270
0.265
0.281
0.256
0.266
0.251
0.260
0.257
0.251
0.256
0.277
0.276
0.276
0.274
0.271
0.266
0.297
0.268
0.278
0.293
0.267
0.254
0.273
0.269
0.266
0.277
0.294
0.271
0.270
0.256
0.266
0.256
0.281
0.299
0.312
0.284
0.283
0.273
0.270
0.265
0.286
0.272
0.280
0.272
0.273
0.299
0.256
0.287
0.306
0.270
0.278
0.277
0.268
0.275
0.285
0.266
0.278
0.294
0.268
0.254
0.256
0.280
0.275
0.291
0.472
0.455
0.402
0.463
0.468
0.452
0.458
0.439
0.453
0.493
0.456
0.468
0.449
0.457
0.522
0.535
0.497
0.490
0.461
0.465
0.470
0.300
0.279
0.269
0.276
0.317
0.289
0.280
0.272
0.270
0.264
0.258
0.263
0.267
0.284
0.298
0.311
0.287
0.301
0.263
0.265
0.292
0.293
0.295
0.300
0.292
0.293
0.274
0.273
0.320
0.272
0.297
0.289
0.265
0.249
0.281
0.295
0.277
0.294
0.270
0.308
0.295
0.285
0.297
0.267
0.272
0.266
0.272
0.261
0.263
0.264
0.281
0.271
0.276
0.259
0.259
0.256
0.271
0.282
0.262
0.271
0.261
0.264
0.284
0.286
0.287
0.273
0.273
0.272
0.270
0.490
0.505
0.625
0.472
0.501
0.500
0.422
0.454
0.518
0.476
0.544
0.547
0.462
0.468
0.501
0.457
0.520
0.501
0.476
0.503
0.501
0.478
0.478
0.513
0.475
0.474
0.508
0.498
0.482
0.391
0.484
0.436
0.415
0.427
0.419
0.481
0.451
0.516
0.527
0.492
0.503
0.481
0.444
0.533
0.448
0.537
0.466
0.492
0.453
0.481
0.451
0.492
0.447
0.479
0.500
0.497
0.460
0.480
0.473
0.422
0.443
0.435
0.464
0.422
0.422
0.286
0.326
0.285
0.276
0.311
0.293
0.323
0.278
0.272
0.275
0.314
0.283
0.316
0.426
0.350
0.308
0.311
0.302
0.304
0.318
0.311
0.283
0.304
0.325
0.303
0.291
0.290
0.300
0.303
0.280
0.280
0.269
0.290
0.287
0.266
0.282
0.269
0.265
0.264
0.292
0.305
0.268
0.293
0.265
0.285
0.259
0.262
0.263
0.258
0.262
0.280
0.261
0.267
0.253
0.254
0.274
0.254
0.250
0.313
0.289
0.301
0.271
0.299
0.277
0.298
0.311
0.311
0.287
0.279
0.278
0.267
0.280
0.285
0.304
0.298
0.282
0.295
0.277
0.285
0.298
0.316
0.285
0.288
0.269
0.280
0.266
0.265
0.269
0.280
0.322
0.314
0.301
0.276
0.288
0.288
0.271
0.295
0.301
0.283
0.294
0.273
0.291
0.289
0.297
0.358
0.297
0.326
0.299
0.263
0.289
0.284
0.306
0.339
0.320
0.284
0.284
0.284
0.317
0.335
0.280
0.267
0.281
0.310
0.268
0.285
0.301
0.287
0.302
0.270
0.292
0.281
0.275
0.263
0.277
0.284
0.274
0.343
0.388
0.346
0.327
0.359
0.403
0.324
0.335
0.322
0.322
0.395
0.365
0.333
0.299
0.351
0.341
0.290
0.362
0.365
0.318
0.295
0.282
0.287
0.277
0.284
0.287
0.281
0.283
0.268
0.303
0.309
0.311
0.269
0.283
0.283
0.292
0.272
0.271
0.275
0.298
0.304
0.307
0.294
0.286
0.275
0.285
