0.610
0.239
0.231
0.247
0.258
0.243
0.240
0.253
0.259
0.243
0.247
0.269
0.239
0.250
0.290
0.242
0.259
0.254
0.255
0.254
0.271
0.250
0.254
0.246
0.256
0.274
0.277
0.284
0.266
0.256
0.251
0.254
0.256
0.252
0.256
0.235
0.247
0.235
0.284
0.249
0.273
0.246
0.237
0.241
0.246
0.241
0.244
0.242
0.250
0.245
0.243
0.249
0.245
0.252
0.240
0.259
0.269
0.240
0.255
0.287
0.259
0.255
0.265
0.282
0.264
0.244
0.253
0.255
0.257
0.248
0.244
0.246
0.257
0.262
0.256
0.256
0.256
0.251
0.253
0.246
0.242
0.244
0.271
0.241
0.237
0.261
0.265
0.250
0.259
0.243
0.265
0.242
0.263
0.243
0.264
0.252
0.272
0.269
0.266
0.255
0.239
0.252
0.236
0.258
0.253
0.267
0.252
0.266
0.243
0.235
0.249
0.243
0.241
0.245
0.251
0.243
0.240
0.236
0.243
0.246
0.238
0.236
0.238
0.248
0.249
0.236
0.243
0.272
0.260
0.255
0.302
0.268
0.269
0.243
0.253
0.259
0.267
0.248
0.255
0.238
0.270
0.286
0.260
0.251
0.240
0.295
0.262
0.297
0.267
0.290
0.314
0.289
0.294
0.291
0.275
0.256
0.268
0.278
0.289
0.280
0.274
0.261
0.291
0.280
0.351
0.260
0.293
0.259
0.282
0.258
0.267
0.265
0.274
0.301
0.288
0.298
0.279
0.253
0.268
0.263
0.274
0.289
0.266
0.275
0.276
0.255
0.271
0.253
0.277
0.274
0.280
0.268
0.278
0.265
0.286
0.328
0.279
0.287
0.291
0.264
0.263
0.290
0.298
0.259
0.261
0.273
0.271
0.283
0.261
0.295
0.276
0.254
0.269
0.270
0.260
0.282
0.300
0.313
0.281
0.290
0.272
0.251
0.256
0.268
0.261
0.305
0.249
0.306
0.268
0.269
0.258
0.279
0.258
0.257
0.243
0.285
0.251
0.254
0.257
0.251
0.263
0.273
0.287
0.258
0.259
0.260
0.281
0.271
0.247
0.253
0.266
0.255
0.276
0.280
0.254
0.254
0.262
0.252
0.268
0.287
0.267
0.280
0.278
0.272
0.289
0.245
0.254
0.274
0.289
0.265
0.278
0.256
0.279
0.258
0.259
0.269
0.264
0.269
0.292
0.250
0.265
0.273
0.273
0.272
0.299
0.251
0.298
0.268
0.254
0.271
0.259
0.250
0.254
0.266
0.269
0.238
0.253
0.314
0.296
0.253
0.237
0.240
0.261
0.278
0.269
0.265
0.253
0.240
0.248
0.262
0.257
0.252
0.261
0.261
0.264
0.250
0.246
0.252
0.269
0.264
0.252
0.284
0.252
0.249
0.264
0.262
0.268
0.284
0.272
0.270
0.272
0.233
0.284
0.255
0.247
0.278
0.273
0.242
0.303
0.286
0.311
0.260
0.266
0.288
0.261
0.259
0.271
0.265
0.243
0.248
0.277
0.288
0.239
0.253
0.271
0.276
0.284
0.282
0.288
0.266
0.258
0.246
0.259
0.269
0.273
0.278
0.278
0.272
0.256
0.276
0.309
0.268
0.253
0.287
0.282
0.270
0.277
0.295
0.346
0.269
0.258
0.272
0.269
0.286
0.269
0.241
0.257
0.296
0.251
0.263
0.263
0.264
0.262
0.264
0.266
0.268
0.260
0.263
0.254
0.248
0.291
0.268
0.264
0.258
0.300
0.267
0.259
0.266
0.280
0.281
0.249
0.257
0.249
0.261
0.261
0.257
0.282
0.313
0.249
0.280
0.288
0.292
0.259
0.259
0.275
0.295
0.249
0.262
0.265
0.263
0.258
0.280
0.265
0.294
0.245
0.262
0.306
0.303
0.269
0.283
0.278
0.287
0.266
0.320
0.268
0.285
0.306
0.277
0.267
0.263
0.273
0.262
0.259
0.280
0.290
0.305
0.297
0.338
0.282
0.276
0.346
0.282
0.262
0.295
0.258
0.275
0.290
0.291
0.257
0.248
0.258
0.267
0.263
0.261
0.278
0.273
0.260
0.278
0.269
0.274
0.273
0.256
0.267
0.311
0.268
0.256
0.246
0.268
0.254
0.250
0.255
0.253
0.248
0.273
0.281
0.266
0.306
0.244
0.248
0.257
0.251
0.255
0.267
0.269
0.267
0.276
0.275
0.248
0.248
0.249
0.240
0.268
0.282
0.243
0.274
0.247
0.257
0.260
0.237
0.265
0.242
0.255
0.267
0.253
0.258
0.257
0.250
0.283
0.266
0.277
0.244
0.262
0.263
0.243
0.269
0.265
0.255
0.263
0.240
0.266
0.241
0.248
0.246
0.252
0.238
0.251
0.259
0.270
0.265
0.257
0.255
0.252
0.259
0.244
0.269
0.264
0.285
0.270
0.281
0.294
0.260
0.251
0.258
